1566807570 2
1566807624 3
1566807639 3
1566871239 3
1567047100 1384
1567047796 1384
1567060277 1384
1567060611 1548
1567062760 1554
1567064405 1546
1567067761 1726
1567072163 1727
1567076760 1640
1567079571 1692
1567083311 1910
1567084277 3542
1567085835 3541
1567091993 3768
1567122097 3774
1567129686 3553
1567129790 3916
1567138715 3940
1567139133 3906
1567139853 3906
1567150612 3915
1567150648 4011
1567152911 4563
1567154560 4035
1567168435 4108
1567168514 4192
1567168526 4269
1567172437 4718
1567173951 4302
1567175122 4291
1567175140 4296
1567265205 4433
1567265214 5532
1567300605 5537
1567300616 5543
1567305203 5525
1567305567 5708
1567305578 5711
1567321175 5726
1567321190 261427
1567351968 261665
1567355207 261794
1567356140 261967
1567385795 262219
1567386674 262219
1567392048 262246
1567394933 262261
1567403733 262260
1567404359 262260
1567406669 262738
1567407693 262744
1567408996 262740
1567411623 262239
1567411776 262583
1567412220 262944
1567413025 262947
1567424504 262959
1567425362 262972
1567427107 263070
1567427535 263080
1567427657 263080
1567428832 263044
1567429476 262534
1567429969 263065
1567430791 263092
1567431461 262624
1567431585 262747
1567431673 262747
1567431710 262735
1567431985 263091
1567435572 263103
1567438176 263139
1567491073 263139
1567491784 263139
1567491794 263468
1567491926 263470
1567491997 263470
1567494609 263470
1567494681 263488
1567496828 263489
1567496842 263490
1567514632 263495
1567514820 263701
1567518507 263702
1567519009 263702
